 31  0    0          90          308.6       0 0 106.7
 32  0    0          90          257.1       0 0 106.7
 33  0    0          90          205.7       0 0 106.7
 34  0    0          90          154.3       0 0 106.7
 35  0    0          90          102.9       0 0 106.7
 36  0    0          90           51.4       0 0 106.7
 37  0    0          48          334         0 0 144.8
 38  0    0          48          206         0 0 144.8
 39  0    0          48          154         0 0 144.8
 40  0    0          48           26         0 0 144.8
 41  0    0          25          270         0 0 106.7
 42  0    0          25           90         0 0 106.7
 43  0    0          123           0         0 0 188
 44  0    0          60          290         0 0 188
 45  0    0          60          250         0 0 188
 46  0    0          60          110         0 0 188
 47  0    0          60           70         0 0 188
 48  0    0         123          315         0 0 188
 49  0    0         123          270         0 0 188
 50  0    0         123          225         0 0 188
 51  0    0         123          135         0 0 188
 52  0    0         123           90         0 0 188
 53  0    0         123           45         0 0 188
 54  0    0          90            0         0 0 106.7
