# solid 0
   0    6    0   -26.871799    13.794678     0.000000   -42.236544    21.648020    90.000000
   0    6    1     0.230205    33.444899     0.000000    -1.357903    51.286946    90.000000
   0    6    2    28.667699    19.361674     0.000000    43.259603    29.190823    90.000000
   0    6    3    29.351449   -16.158352     0.000000    44.326033   -26.208959    90.000000
   0    6    4    -1.502492   -31.394672     0.000000    -2.402858   -49.284661    90.000000
   0    6    5   -26.321181   -14.818524     0.000000   -41.372409   -23.257297    90.000000
   0    0    0     5.000000    40.000000    90.000000     0.000000     0.000000     0.000000
   0    0    1    15.000000     1.500000     3.500000     0.500000     0.800000     1.300000
   0    0    2     1.000000     0.000000     0.000000     0.000000     0.000000     0.000000
# end solid 0
#
# solid 1
   1    6    0   -29.022016    18.839755     0.000000   -43.793790    28.396598    90.000000
   1    6    1     0.350674    34.622271     0.000000     0.534446    52.215019    90.000000
   1    6    2    27.774131    18.605075     0.000000    43.548829    27.091644    90.000000
   1    6    3    27.235525   -16.359821     0.000000    42.737524   -25.576177    90.000000
   1    6    4     1.210520   -33.021008     0.000000     1.896105   -51.722820    90.000000
   1    6    5   -29.046615   -16.641473     0.000000   -43.832174   -26.968065    90.000000
   1    0    0     5.000000    40.000000    90.000000     0.000000     0.000000     0.000000
   1    0    1    15.000000     1.500000     3.500000     0.500000     0.800000     1.300000
   1    0    2     0.000000     1.000000     0.000000     0.000000     0.000000     0.000000
# end solid 1
#
