   0    0    0    0    6    0   -71.888326     8.805685   166.247660   -72.456319     8.877942   167.553114
   0    0    0    0    6    1   -41.474885    19.781210   175.729330   -41.803952    19.939690   177.109271
   0    0    0    0    6    2   -16.267890    -4.226555   180.793352   -16.395696    -4.259760   182.213726
   0    0    0    0    6    3   -25.599411   -41.452296   175.026042   -25.801588   -41.782186   176.400452
   0    0    0    0    6    4   -58.714373   -47.157629   165.229327   -59.177115   -47.532411   166.526651
   0    0    0    0    6    5   -79.519047   -21.634304   161.531595   -80.147991   -21.805189   162.799379
   0    1    1    0    6    0   -16.267891    -4.226555   180.793367   -16.395697    -4.259760   182.213742
   0    1    1    0    6    1    16.267894     4.226556   180.793396    16.395700     4.259761   182.213771
   0    1    1    0    6    2    41.468036   -19.774675   175.730807    41.797103   -19.933156   177.110749
   0    1    1    0    6    3    32.536415   -53.290630   170.560970    32.795337   -53.712326   171.900311
   0    1    1    0    6    4     0.120691   -64.375595   170.119610     0.120693   -64.885833   171.455426
   0    1    1    0    6    5   -25.595402   -41.436334   175.028421   -25.797579   -41.766223   176.402829
   0    0    2    0    6    0    71.888326    -8.805685   166.247661    72.456319    -8.877942   167.553115
   0    0    2    0    6    1    41.474885   -19.781210   175.729330    41.803952   -19.939690   177.109272
   0    0    2    0    6    2    16.267890     4.226555   180.793352    16.395696     4.259760   182.213726
   0    0    2    0    6    3    25.599411    41.452296   175.026042    25.801588    41.782186   176.400451
   0    0    2    0    6    4    58.714372    47.157629   165.229326    59.177115    47.532410   166.526650
   0    0    2    0    6    5    79.519047    21.634304   161.531595    80.147991    21.805189   162.799379
   0    1    3    0    6    0    16.267891     4.226555   180.793367    16.395697     4.259760   182.213741
   0    1    3    0    6    1   -16.267873    -4.226641   180.793411   -16.395679    -4.259847   182.213785
   0    1    3    0    6    2   -41.468035    19.774673   175.730807   -41.797101    19.933153   177.110749
   0    1    3    0    6    3   -32.536697    53.290464   170.560986   -32.795622    53.712159   171.900327
   0    1    3    0    6    4    -0.120690    64.375595   170.119611    -0.120693    64.885833   171.455427
   0    1    3    0    6    5    25.595402    41.436334   175.028421    25.797579    41.766223   176.402830
   0    0    4    0    4    0   -25.361001   -40.265188   176.652444   -39.282335   -62.980426   271.290361
   0    0    4    0    4    1   -25.785000   -41.779328   176.405359   -39.706334   -64.494566   271.043276
   0    0    4    0    4    2   -59.177115   -47.532411   166.526651   -91.040259   -73.338820   255.856671
   0    0    4    0    4    3   -58.655840   -46.001511   166.802514   -90.518984   -71.807920   256.132533
   0    0    5    0    4    0   -58.655840   -46.001511   166.802514   -90.518984   -71.807920   256.132533
   0    0    5    0    4    1   -59.177115   -47.532411   166.526651   -91.040259   -73.338820   255.856671
   0    0    5    0    4    2   -80.147991   -21.805189   162.799379  -123.455276   -33.571843   250.095367
   0    0    5    0    4    3   -78.645686   -21.477823   163.249605  -121.952972   -33.244477   250.545594
   0    0    6    0    4    0   -78.645686   -21.477823   163.249605  -121.952972   -33.244477   250.545594
   0    0    6    0    4    1   -80.147991   -21.805189   162.799379  -123.455276   -33.571843   250.095367
   0    0    6    0    4    2   -72.456319     8.877942   167.553114  -111.566694    13.853340   257.442948
   0    0    6    0    4    3   -71.310930     7.781526   167.782755  -110.421304    12.756925   257.672588
   0    0    7    0    4    0   -71.310930     7.781526   167.782755  -110.421304    12.756925   257.672588
   0    0    7    0    4    1   -72.456319     8.877942   167.553114  -111.566694    13.853340   257.442948
   0    0    7    0    4    2   -41.794604    19.942524   177.109304   -64.453190    30.855013   272.128190
   0    0    7    0    4    3   -40.618774    18.855530   177.340071   -63.277360    29.768018   272.358957
   0    1    8    0    4    0   -40.618774    18.855530   177.340071   -63.277360    29.768018   272.358957
   0    1    8    0    4    1   -41.794604    19.942524   177.109304   -64.453190    30.855013   272.128190
   0    1    8    0    4    2   -32.795622    53.712159   171.900327   -50.624433    82.748886   264.123543
   0    1    8    0    4    3   -31.617627    52.633289   172.129841   -49.446438    81.670015   264.353058
   0    1    9    0    4    0   -31.617627    52.633289   172.129841   -49.446438    81.670015   264.353058
   0    1    9    0    4    1   -32.795622    53.712159   171.900327   -50.624433    82.748886   264.123543
   0    1    9    0    4    2    -0.120693    64.885833   171.455427    -0.120877   100.019321   263.435890
   0    1    9    0    4    3    -0.457673    63.288894   171.705569    -0.457857    98.422383   263.686032
   0    1   10    0    4    0    -0.457673    63.288894   171.705569    -0.457857    98.422383   263.686032
   0    1   10    0    4    1    -0.120693    64.885833   171.455427    -0.120877   100.019321   263.435890
   0    1   10    0    4    2    25.784999    41.779328   176.405359    39.706333    64.494566   271.043275
   0    1   10    0    4    3    25.361001    40.265187   176.652443    39.282335    62.980426   271.290360
   0    0   11    0    4    0    25.361001    40.265187   176.652443    39.282335    62.980426   271.290360
   0    0   11    0    4    1    25.784999    41.779328   176.405359    39.706333    64.494566   271.043275
   0    0   11    0    4    2    59.177115    47.532410   166.526650    91.040259    73.338820   255.856670
   0    0   11    0    4    3    58.655840    46.001511   166.802513    90.518984    71.807920   256.132532
   0    0   12    0    4    0    58.655840    46.001511   166.802513    90.518984    71.807920   256.132532
   0    0   12    0    4    1    59.177115    47.532410   166.526650    91.040259    73.338820   255.856670
   0    0   12    0    4    2    80.147991    21.805189   162.799379   123.455276    33.571843   250.095367
   0    0   12    0    4    3    78.645686    21.477823   163.249605   121.952972    33.244477   250.545594
   0    0   13    0    4    0    78.645686    21.477823   163.249605   121.952972    33.244477   250.545594
   0    0   13    0    4    1    80.147991    21.805189   162.799379   123.455276    33.571843   250.095367
   0    0   13    0    4    2    72.456319    -8.877942   167.553115   111.566694   -13.853340   257.442949
   0    0   13    0    4    3    71.310930    -7.781526   167.782755   110.421305   -12.756925   257.672589
   0    0   14    0    4    0    71.310930    -7.781526   167.782755   110.421305   -12.756925   257.672589
   0    0   14    0    4    1    72.456319    -8.877942   167.553115   111.566694   -13.853340   257.442949
   0    0   14    0    4    2    41.794606   -19.942523   177.109304    64.453192   -30.855012   272.128190
   0    0   14    0    4    3    40.618782   -18.855527   177.340071    63.277368   -29.768016   272.358958
   0    1   15    0    4    0    40.618782   -18.855527   177.340071    63.277368   -29.768016   272.358958
   0    1   15    0    4    1    41.794606   -19.942523   177.109304    64.453192   -30.855012   272.128190
   0    1   15    0    4    2    32.795337   -53.712326   171.900311    50.623996   -82.749144   264.123519
   0    1   15    0    4    3    31.617349   -52.633452   172.129825    49.446007   -81.670270   264.353033
   0    1   16    0    4    0    31.617349   -52.633452   172.129825    49.446007   -81.670270   264.353033
   0    1   16    0    4    1    32.795337   -53.712326   171.900311    50.623996   -82.749144   264.123519
   0    1   16    0    4    2     0.120693   -64.885833   171.455426     0.120877  -100.019321   263.435888
   0    1   16    0    4    3     0.457675   -63.288896   171.705568     0.457859   -98.422384   263.686030
   0    1   17    0    4    0     0.457675   -63.288896   171.705568     0.457859   -98.422384   263.686030
   0    1   17    0    4    1     0.120693   -64.885833   171.455426     0.120877  -100.019321   263.435888
   0    1   17    0    4    2   -25.785000   -41.779328   176.405359   -39.706334   -64.494566   271.043276
   0    1   17    0    4    3   -25.361001   -40.265188   176.652444   -39.282335   -62.980426   271.290361
   0    0   18    0    6    0  -111.566694    13.853340   257.442948  -119.663600    11.423529   286.227251
   0    0   18    0    6    1   -64.462525    30.852172   272.128104   -72.559431    28.422361   300.912408
   0    0   18    0    6    2   -25.196058    -6.546179   280.016639   -33.292965    -8.975990   308.800942
   0    0   18    0    6    3   -39.722923   -64.497425   271.038369   -47.819829   -66.927236   299.822672
   0    0   18    0    6    4   -91.040259   -73.338820   255.856671   -99.137166   -75.768631   284.640974
   0    0   18    0    6    5  -123.455276   -33.571843   250.095367  -131.552183   -36.001655   278.879671
   0    1   19    0    6    0   -25.196060    -6.546180   280.016663   -23.922916   -11.446580   309.586329
   0    1   19    0    6    1    25.196064     6.546181   280.016708    26.469209     1.645780   309.586375
   0    1   19    0    6    2    64.455688   -30.845644   272.129635    65.728833   -35.746045   301.699302
   0    1   19    0    6    3    50.623996   -82.749144   264.123519    51.897140   -87.649544   293.693185
   0    1   19    0    6    4     0.120877  -100.019321   263.435888     1.394022  -104.919722   293.005555
   0    1   19    0    6    5   -39.718906   -64.481450   271.040696   -38.445761   -69.381850   300.610363
   0    0   20    0    6    0   111.566694   -13.853340   257.442949   119.663601   -11.423528   286.227252
   0    0   20    0    6    1    64.462525   -30.852172   272.128106    72.559431   -28.422360   300.912409
   0    0   20    0    6    2    25.196058     6.546179   280.016639    33.292965     8.975991   308.800943
   0    0   20    0    6    3    39.722922    64.497424   271.038368    47.819829    66.927236   299.822671
   0    0   20    0    6    4    91.040259    73.338820   255.856670    99.137165    75.768632   284.640973
   0    0   20    0    6    5   123.455276    33.571843   250.095367   131.552183    36.001655   278.879670
   0    1   21    0    6    0    25.196060     6.546180   280.016662    23.922915    11.446580   309.586329
   0    1   21    0    6    1   -25.196032    -6.546313   280.016730   -26.469177    -1.645913   309.586397
   0    1   21    0    6    2   -64.455687    30.845642   272.129635   -65.728832    35.746042   301.699302
   0    1   21    0    6    3   -50.624433    82.748886   264.123543   -51.897578    87.649286   293.693210
   0    1   21    0    6    4    -0.120877   100.019321   263.435890    -1.394022   104.919721   293.005556
   0    1   21    0    6    5    39.718906    64.481450   271.040697    38.445761    69.381850   300.610363
   