0.4167                        // Beta for Doppler reconstruction
0.0                           // Target z offset for Doppler reconstruction
1.04560   2.30191e-04   3.22402e-08  0. // Resolution parameters
0.0       1.0                           // Energy calibration parameters
129.34   2.12606                        // Thresholds ...
122.659   5.38364
118.785   2.90057
119.804   3.6186
 96.296   7.59739
 99.6983   7.6298
 89.6996   12.3258
 97.8939   7.56428
112.863   5.84767
119.12   12.96
156.848   8.04906
112.729   3.64078
 97.4741   10.2689
 95.1072   7.96855
 87.1341   11.3807
 85.5633   9.34809
104.707   4.61927
104.241   3.57843
103.962   3.36701
103.232   3.02702
102.696   7.97922
100.03   5.75997
 93.1621   9.5629
 99.2077   5.26119
