  0  0    0.000000   31.717473   -54.000000  0 0 0
  1  0    0.000000   31.717473    18.000000  0 0 0
  2  0    0.000000   31.717473    90.000000  0 0 0
  3  0    0.000000   31.717473   162.000000  0 0 0
  4  0    0.000000   31.717473  -126.000000  0 0 0
  5  0   90.000000   58.282526   -18.000000  0 0 0
  6  0   90.000000   58.282526    54.000000  0 0 0
  7  0   90.000000   58.282526   126.000000  0 0 0
  8  0   90.000000   58.282526  -162.000000  0 0 0
  9  0   90.000000   58.282526   -90.000000  0 0 0
 10  0  -31.750000   90.000000   -72.000000  0 0 0
 11  0   31.750000   90.000000   -36.000000  0 0 0
 12  0  -31.750000   90.000000     0.000000  0 0 0
 13  0   31.750000   90.000000    36.000000  0 0 0
 14  0  -31.750000   90.000000    72.000000  0 0 0
 15  0   31.750000   90.000000   108.000000  0 0 0
 16  0  -31.750000   90.000000   144.000000  0 0 0
 17  0   31.750000   90.000000   180.000000  0 0 0
 18  0  -31.750000   90.000000  -144.000000  0 0 0
 19  0   31.750000   90.000000  -108.000000  0 0 0
 20  0  -90.000000  121.717475   -54.000000  0 0 0
 21  0  -90.000000  121.717475    18.000000  0 0 0
 22  0  -90.000000  121.717475    90.000000  0 0 0
 23  0  -90.000000  121.717475   162.000000  0 0 0
 24  0  -90.000000  121.717475  -126.000000  0 0 0
 25  0  180.000000  148.282526   -18.000000  0 0 0
 26  0  180.000000  148.282526    54.000000  0 0 0
 27  0  180.000000  148.282526   126.000000  0 0 0
 28  0  180.000000  148.282526  -162.000000  0 0 0
 29  0  180.000000  148.282526   -90.000000  0 0 0
