   0     0     0     0     6     0     22.511250     15.602045    182.084239     22.931523     15.570886    183.524193
   0     0     0     0     6     1     49.675413     35.792960    173.960431     50.332477     35.957111    175.329570
   0     0     0     0     6     2     80.227016     19.253445    164.823564     80.887611     19.432228    166.191647
   0     0     0     0     6     3     80.308709    -20.504018    164.799133     80.896977    -20.385526    166.009737
   0     0     0     0     6     4     48.895964    -35.548856    174.193535     49.299922    -35.542595    175.638369
   0     0     0     0     6     5     22.702707    -16.105084    182.026981     23.132494    -16.105084    183.464090
   0     1     1     0     6     0     80.329372     19.237112    164.777436     80.992772     19.404133    166.145648
   0     1     1     0     6     1    104.850436     35.369996    147.415555    105.744186     35.668264    148.620671
   0     1     1     0     6     2    130.207508     17.210606    129.461748    131.076570     17.498054    130.684342
   0     1     1     0     6     3    129.529905    -18.863523    129.941517    130.381492    -18.888283    131.176486
   0     1     1     0     6     4    106.053180    -37.282958    146.563965    106.942146    -37.278870    147.772467
   0     1     1     0     6     5     80.295787    -20.517574    164.801216     80.969849    -20.389204    166.161879
   0     2     2     0     6     0    104.786390     35.325416    147.466645    105.664143     35.622100    148.683844
   0     2     2     0     6     1     80.268486     19.178907    164.818693     80.921477     19.331692    166.193560
   0     2     2     0     6     2     49.668875     35.797455    173.960185     50.333555     35.961343    175.325619
   0     2     2     0     6     3     45.006722     70.298663    164.472246     45.644093     70.762213    165.748898
   0     2     2     0     6     4     68.043194     88.588357    147.107167     68.643817     89.023244    148.411346
   0     2     2     0     6     5     98.858695     73.313785    137.403851     99.713318     73.636119    138.623506
   0     3     3     0     6     0    147.504486     35.194898    104.385253    148.525319     35.638416    105.390973
   0     3     3     0     6     1    130.204208     17.216726    129.466069    131.080592     17.504475    130.683597
   0     3     3     0     6     2    104.873609     35.294850    147.409893    105.749543     35.568876    148.633677
   0     3     3     0     6     3     98.853393     73.302258    137.417041     99.717014     73.637646    138.627314
   0     3     3     0     6     4    120.094023     85.349421    110.864000    121.136056     85.769286    111.858306
   0     3     3     0     6     5    142.600036     64.819034     96.810798    143.621811     65.246803     97.822228
   0     0     4     0     4     0     36.210325     23.836213    276.205342     34.748342     24.628122    276.642568
   0     0     4     0     4     1     77.133411     53.568571    263.966744     75.647837     54.343341    264.411025
   0     0     4     0     4     2     51.844263     35.194925    174.939891     50.358690     35.969695    175.384171
   0     0     4     0     4     3     24.679254     15.458388    183.060305     23.217271     16.250297    183.497531
   0     0     5     0     4     0     36.208716    -23.832330    276.205823     34.751229    -24.632330    276.641704
   0     0     5     0     4     1     36.208716     23.832330    276.205823     34.751229     24.632330    276.641704
   0     0     5     0     4     2     24.677646     15.454516    183.060786     23.220158     16.254516    183.496668
   0     0     5     0     4     3     24.677646    -15.454516    183.060786     23.220158    -16.254516    183.496668
   0     0     6     0     4     0     75.335937    -52.262621    264.504303     75.194987    -54.014316    264.546456
   0     0     6     0     4     1     36.210325    -23.836213    276.205342     34.748341    -24.628122    276.642568
   0     0     6     0     4     2     24.679254    -15.458388    183.060306     23.217271    -16.250297    183.497531
   0     0     6     0     4     3     50.046779    -33.888975    175.477452     49.905829    -35.640671    175.519605
   0     0     7     0     4     0    122.118357    -29.311833    250.513393    122.071296    -31.017251    250.527467
   0     0     7     0     4     1     75.342470    -52.263742    264.502349     75.200045    -54.015959    264.544944
   0     0     7     0     4     2     50.053323    -33.890097    175.475495     49.910887    -35.642313    175.518093
   0     0     7     0     4     3     81.045213    -18.683257    166.207646     80.998162    -20.388676    166.221717
   0     1     8     0     4     0    160.580257    -54.785050    223.255829    160.635141    -56.553575    223.216969
   0     1     8     0     4     1    122.114509    -29.313352    250.491096    122.076055    -31.020057    250.518323
   0     1     8     0     4     2     81.041373    -18.684777    166.185346     81.002919    -20.391493    166.212573
   0     1     8     0     4     3    106.521550    -35.556881    148.148975    106.576436    -37.325393    148.110114
   0     1     9     0     4     0    195.938765    -27.007691    198.220610    197.173437    -27.847909    197.346414
   0     1     9     0     4     1    160.581890    -54.784974    223.254672    160.634843    -56.553587    223.217179
   0     1     9     0     4     2    106.523186    -35.556805    148.147816    106.576137    -37.325405    148.110325
   0     1     9     0     4     3    129.449971    -17.542409    131.910148    130.684635    -18.382639    131.035957
   0     1    10     0     4     0    196.590766     27.097795    197.758968    197.823229     26.245505    196.886335
   0     1    10     0     4     1    195.941600    -26.999549    198.218603    197.174183    -27.841841    197.345885
   0     1    10     0     4     2    129.452805    -17.534268    131.908141    130.685388    -18.376570    131.035423
   0     1    10     0     4     3    129.883059     18.360398    131.602695    131.115532     17.508108    130.730056
   0     3    11     0     4     0    222.749429     52.478024    160.615979    223.961638     51.612508    159.757428
   0     3    11     0     4     1    196.596855     27.098468    197.769934    197.824140     26.247581    196.889965
   0     3    11     0     4     2    129.889153     18.361070    131.613658    131.116438     17.510183    130.733689
   0     3    11     0     4     3    147.246272     35.207267    106.948991    148.458482     34.341750    106.090439
   0     3    12     0     4     0    215.605756     98.040885    148.562615    216.575997     98.697297    147.304832
   0     3    12     0     4     1    222.750050     52.481616    160.613833    223.960109     51.608700    159.760582
   0     3    12     0     4     2    147.246895     35.210848    106.946846    148.456955     34.337932    106.093596
   0     3    12     0     4     3    142.614045     64.754600     99.132011    143.584286     65.411011     97.874227
   0     3    13     0     4     0    182.078625    128.121497    169.710539    181.921496    129.785350    169.165576
   0     3    13     0     4     1    215.603971     98.044717    148.562798    216.578788     98.693060    147.303804
   0     3    13     0     4     2    142.612262     64.758421     99.132197    143.587077     65.406764     97.873204
   0     3    13     0     4     3    120.878858     84.259967    112.845196    120.721728     85.923819    112.300233
   0     3    14     0     4     0    150.527005    109.659157    209.393234    150.306586    111.285749    208.927966
   0     3    14     0     4     1    182.073571    128.123054    169.714987    181.917466    129.787296    169.168823
   0     3    14     0     4     2    120.873795     84.261525    112.849652    120.717698     85.925765    112.303481
   0     3    14     0     4     3     99.972825     72.028434    139.139178     99.752398     73.655028    138.673917
   0     2    15     0     4     0    104.423757    132.880511    223.761110    104.098370    134.569319    223.343678
   0     2    15     0     4     1    150.509547    109.654405    209.379567    150.295990    111.286843    208.927240
   0     2    15     0     4     2     99.955359     72.023679    139.125522     99.741800     73.656129    138.673191
   0     2    15     0     4     3     69.431618     87.409470    148.654255     69.106231     89.098266    148.236825
   0     2    16     0     4     0     69.733664    105.300132    249.923836     68.251014    106.067271    250.379732
   0     2    16     0     4     1    104.421973    132.880391    223.762014    104.098695    134.569340    223.343513
   0     2    16     0     4     2     69.429833     87.409349    148.655159     69.106558     89.098286    148.236661
   0     2    16     0     4     3     46.933002     69.521658    165.618088     45.450357     70.288810    166.073978
   0     2    17     0     4     0     77.126906     53.565541    263.956439     75.644872     54.344284    264.408089
   0     2    17     0     4     1     69.731771    105.292267    249.927428     68.251103    106.061449    250.381670
   0     2    17     0     4     2     46.931107     69.513795    165.621681     45.450440     70.282986    166.075920
   0     2    17     0     4     3     51.837760     35.191889    174.929586     50.355716     35.970632    175.381240
   0     0    18     0     6     0     39.479994     22.456740    277.941285     48.075731     22.456740    306.683472
   0     0    18     0     6     1     79.184250     51.303560    266.067194     87.779986     51.303560    294.809381
   0     0    18     0     6     2    121.515695     28.353050    253.407408    130.111431     28.353050    282.149595
   0     0    18     0     6     3    121.515695    -27.057040    253.407408    130.111431    -27.057040    282.149595
   0     0    18     0     6     4     76.329049    -49.229140    266.921080     84.924785    -49.229140    295.663267
   0     0    18     0     6     5     39.479994    -22.456740    277.941285     48.075731    -22.456740    306.683472
   0     1    19     0     6     0    124.655473     28.366120    251.877731    141.991202     28.366120    276.361859
   0     1    19     0     6     1    160.819640     52.215310    226.272074    178.155368     52.215310    250.756202
   0     1    19     0     6     2    195.939485     27.121990    201.405838    213.275213     27.121990    225.889965
   0     1    19     0     6     3    195.307468    -25.546310    201.853330    212.643196    -25.546310    226.337458
   0     1    19     0     6     4    161.990103    -51.721310    225.443339    179.325832    -51.721310    249.927467
   0     1    19     0     6     5    124.655473    -26.998620    251.877731    141.991202    -26.998620    276.361859
   0     2    20     0     6     0    159.096000     55.254131    226.763001    171.583607     64.042930    252.585795
   0     2    20     0     6     1    122.931834     31.404941    252.368660    135.419441     40.193741    278.191453
   0     2    20     0     6     2     80.579388     54.366847    265.034721     93.066995     63.155647    290.857515
   0     2    20     0     6     3     73.379603    104.727151    251.376303     85.867210    113.515951    277.199097
   0     2    20     0     6     4    106.066965    130.716492    226.723586    118.554571    139.505292    252.546380
   0     2    20     0     6     5    150.797566    108.173360    212.764946    163.285172    116.962160    238.587740
   0     3    21     0     6     0    222.425348     54.725548    163.848746    242.860845     63.280918    184.077342
   0     3    21     0     6     1    197.051687     30.101889    199.896127    217.487184     38.657259    220.124723
   0     3    21     0     6     2    161.949252     55.182755    224.750032    182.384750     63.738125    244.978628
   0     3    21     0     6     3    153.644022    108.145332    210.740512    174.079520    116.700702    230.969108
   0     3    21     0     6     4    184.118774    125.981904    172.410359    204.554271    134.537274    192.638955
   0     3    21     0     6     5    215.693419     97.655160    152.493119    236.128917    106.210530    172.721715
   1     0     0     0     6     0     22.511250     15.602045    182.084239     22.931523     15.570886    183.524193
   1     0     0     0     6     1     49.675413     35.792960    173.960431     50.332477     35.957111    175.329570
   1     0     0     0     6     2     80.227016     19.253445    164.823564     80.887611     19.432228    166.191647
   1     0     0     0     6     3     80.308709    -20.504018    164.799133     80.896977    -20.385526    166.009737
   1     0     0     0     6     4     48.895964    -35.548856    174.193535     49.299922    -35.542595    175.638369
   1     0     0     0     6     5     22.702707    -16.105084    182.026981     23.132494    -16.105084    183.464090
   1     1     1     0     6     0     80.329372     19.237112    164.777436     80.992772     19.404133    166.145648
   1     1     1     0     6     1    104.850436     35.369996    147.415555    105.744186     35.668264    148.620671
   1     1     1     0     6     2    130.207508     17.210606    129.461748    131.076570     17.498054    130.684342
   1     1     1     0     6     3    129.529905    -18.863523    129.941517    130.381492    -18.888283    131.176486
   1     1     1     0     6     4    106.053180    -37.282958    146.563965    106.942146    -37.278870    147.772467
   1     1     1     0     6     5     80.295787    -20.517574    164.801216     80.969849    -20.389204    166.161879
   1     2     2     0     6     0    104.786390     35.325416    147.466645    105.664143     35.622100    148.683844
   1     2     2     0     6     1     80.268486     19.178907    164.818693     80.921477     19.331692    166.193560
   1     2     2     0     6     2     49.668875     35.797455    173.960185     50.333555     35.961343    175.325619
   1     2     2     0     6     3     45.006722     70.298663    164.472246     45.644093     70.762213    165.748898
   1     2     2     0     6     4     68.043194     88.588357    147.107167     68.643817     89.023244    148.411346
   1     2     2     0     6     5     98.858695     73.313785    137.403851     99.713318     73.636119    138.623506
   1     3     3     0     6     0    147.504486     35.194898    104.385253    148.525319     35.638416    105.390973
   1     3     3     0     6     1    130.204208     17.216726    129.466069    131.080592     17.504475    130.683597
   1     3     3     0     6     2    104.873609     35.294850    147.409893    105.749543     35.568876    148.633677
   1     3     3     0     6     3     98.853393     73.302258    137.417041     99.717014     73.637646    138.627314
   1     3     3     0     6     4    120.094023     85.349421    110.864000    121.136056     85.769286    111.858306
   1     3     3     0     6     5    142.600036     64.819034     96.810798    143.621811     65.246803     97.822228
   1     0     4     0     4     0     36.210325     23.836213    276.205342     34.748342     24.628122    276.642568
   1     0     4     0     4     1     77.133411     53.568571    263.966744     75.647837     54.343341    264.411025
   1     0     4     0     4     2     51.844263     35.194925    174.939891     50.358690     35.969695    175.384171
   1     0     4     0     4     3     24.679254     15.458388    183.060305     23.217271     16.250297    183.497531
   1     0     5     0     4     0     36.208716    -23.832330    276.205823     34.751229    -24.632330    276.641704
   1     0     5     0     4     1     36.208716     23.832330    276.205823     34.751229     24.632330    276.641704
   1     0     5     0     4     2     24.677646     15.454516    183.060786     23.220158     16.254516    183.496668
   1     0     5     0     4     3     24.677646    -15.454516    183.060786     23.220158    -16.254516    183.496668
   1     0     6     0     4     0     75.335937    -52.262621    264.504303     75.194987    -54.014316    264.546456
   1     0     6     0     4     1     36.210325    -23.836213    276.205342     34.748341    -24.628122    276.642568
   1     0     6     0     4     2     24.679254    -15.458388    183.060306     23.217271    -16.250297    183.497531
   1     0     6     0     4     3     50.046779    -33.888975    175.477452     49.905829    -35.640671    175.519605
   1     0     7     0     4     0    122.118357    -29.311833    250.513393    122.071296    -31.017251    250.527467
   1     0     7     0     4     1     75.342470    -52.263742    264.502349     75.200045    -54.015959    264.544944
   1     0     7     0     4     2     50.053323    -33.890097    175.475495     49.910887    -35.642313    175.518093
   1     0     7     0     4     3     81.045213    -18.683257    166.207646     80.998162    -20.388676    166.221717
   1     1     8     0     4     0    160.580257    -54.785050    223.255829    160.635141    -56.553575    223.216969
   1     1     8     0     4     1    122.114509    -29.313352    250.491096    122.076055    -31.020057    250.518323
   1     1     8     0     4     2     81.041373    -18.684777    166.185346     81.002919    -20.391493    166.212573
   1     1     8     0     4     3    106.521550    -35.556881    148.148975    106.576436    -37.325393    148.110114
   1     1     9     0     4     0    195.938765    -27.007691    198.220610    197.173437    -27.847909    197.346414
   1     1     9     0     4     1    160.581890    -54.784974    223.254672    160.634843    -56.553587    223.217179
   1     1     9     0     4     2    106.523186    -35.556805    148.147816    106.576137    -37.325405    148.110325
   1     1     9     0     4     3    129.449971    -17.542409    131.910148    130.684635    -18.382639    131.035957
   1     1    10     0     4     0    196.590766     27.097795    197.758968    197.823229     26.245505    196.886335
   1     1    10     0     4     1    195.941600    -26.999549    198.218603    197.174183    -27.841841    197.345885
   1     1    10     0     4     2    129.452805    -17.534268    131.908141    130.685388    -18.376570    131.035423
   1     1    10     0     4     3    129.883059     18.360398    131.602695    131.115532     17.508108    130.730056
   1     3    11     0     4     0    222.749429     52.478024    160.615979    223.961638     51.612508    159.757428
   1     3    11     0     4     1    196.596855     27.098468    197.769934    197.824140     26.247581    196.889965
   1     3    11     0     4     2    129.889153     18.361070    131.613658    131.116438     17.510183    130.733689
   1     3    11     0     4     3    147.246272     35.207267    106.948991    148.458482     34.341750    106.090439
   1     3    12     0     4     0    215.605756     98.040885    148.562615    216.575997     98.697297    147.304832
   1     3    12     0     4     1    222.750050     52.481616    160.613833    223.960109     51.608700    159.760582
   1     3    12     0     4     2    147.246895     35.210848    106.946846    148.456955     34.337932    106.093596
   1     3    12     0     4     3    142.614045     64.754600     99.132011    143.584286     65.411011     97.874227
   1     3    13     0     4     0    182.078625    128.121497    169.710539    181.921496    129.785350    169.165576
   1     3    13     0     4     1    215.603971     98.044717    148.562798    216.578788     98.693060    147.303804
   1     3    13     0     4     2    142.612262     64.758421     99.132197    143.587077     65.406764     97.873204
   1     3    13     0     4     3    120.878858     84.259967    112.845196    120.721728     85.923819    112.300233
   1     3    14     0     4     0    150.527005    109.659157    209.393234    150.306586    111.285749    208.927966
   1     3    14     0     4     1    182.073571    128.123054    169.714987    181.917466    129.787296    169.168823
   1     3    14     0     4     2    120.873795     84.261525    112.849652    120.717698     85.925765    112.303481
   1     3    14     0     4     3     99.972825     72.028434    139.139178     99.752398     73.655028    138.673917
   1     2    15     0     4     0    104.423757    132.880511    223.761110    104.098370    134.569319    223.343678
   1     2    15     0     4     1    150.509547    109.654405    209.379567    150.295990    111.286843    208.927240
   1     2    15     0     4     2     99.955359     72.023679    139.125522     99.741800     73.656129    138.673191
   1     2    15     0     4     3     69.431618     87.409470    148.654255     69.106231     89.098266    148.236825
   1     2    16     0     4     0     69.733664    105.300132    249.923836     68.251014    106.067271    250.379732
   1     2    16     0     4     1    104.421973    132.880391    223.762014    104.098695    134.569340    223.343513
   1     2    16     0     4     2     69.429833     87.409349    148.655159     69.106558     89.098286    148.236661
   1     2    16     0     4     3     46.933002     69.521658    165.618088     45.450357     70.288810    166.073978
   1     2    17     0     4     0     77.126906     53.565541    263.956439     75.644872     54.344284    264.408089
   1     2    17     0     4     1     69.731771    105.292267    249.927428     68.251103    106.061449    250.381670
   1     2    17     0     4     2     46.931107     69.513795    165.621681     45.450440     70.282986    166.075920
   1     2    17     0     4     3     51.837760     35.191889    174.929586     50.355716     35.970632    175.381240
   1     0    18     0     6     0     39.479994     22.456740    277.941285     48.075731     22.456740    306.683472
   1     0    18     0     6     1     79.184250     51.303560    266.067194     87.779986     51.303560    294.809381
   1     0    18     0     6     2    121.515695     28.353050    253.407408    130.111431     28.353050    282.149595
   1     0    18     0     6     3    121.515695    -27.057040    253.407408    130.111431    -27.057040    282.149595
   1     0    18     0     6     4     76.329049    -49.229140    266.921080     84.924785    -49.229140    295.663267
   1     0    18     0     6     5     39.479994    -22.456740    277.941285     48.075731    -22.456740    306.683472
   1     1    19     0     6     0    124.655473     28.366120    251.877731    141.991202     28.366120    276.361859
   1     1    19     0     6     1    160.819640     52.215310    226.272074    178.155368     52.215310    250.756202
   1     1    19     0     6     2    195.939485     27.121990    201.405838    213.275213     27.121990    225.889965
   1     1    19     0     6     3    195.307468    -25.546310    201.853330    212.643196    -25.546310    226.337458
   1     1    19     0     6     4    161.990103    -51.721310    225.443339    179.325832    -51.721310    249.927467
   1     1    19     0     6     5    124.655473    -26.998620    251.877731    141.991202    -26.998620    276.361859
   1     2    20     0     6     0    159.096000     55.254131    226.763001    171.583607     64.042930    252.585795
   1     2    20     0     6     1    122.931834     31.404941    252.368660    135.419441     40.193741    278.191453
   1     2    20     0     6     2     80.579388     54.366847    265.034721     93.066995     63.155647    290.857515
   1     2    20     0     6     3     73.379603    104.727151    251.376303     85.867210    113.515951    277.199097
   1     2    20     0     6     4    106.066965    130.716492    226.723586    118.554571    139.505292    252.546380
   1     2    20     0     6     5    150.797566    108.173360    212.764946    163.285172    116.962160    238.587740
   1     3    21     0     6     0    222.425348     54.725548    163.848746    242.860845     63.280918    184.077342
   1     3    21     0     6     1    197.051687     30.101889    199.896127    217.487184     38.657259    220.124723
   1     3    21     0     6     2    161.949252     55.182755    224.750032    182.384750     63.738125    244.978628
   1     3    21     0     6     3    153.644022    108.145332    210.740512    174.079520    116.700702    230.969108
   1     3    21     0     6     4    184.118774    125.981904    172.410359    204.554271    134.537274    192.638955
   1     3    21     0     6     5    215.693419     97.655160    152.493119    236.128917    106.210530    172.721715
