  0  0    288.00   0.00000     0.000 0 0 0
  1  0      0.00   0.00000     0.000 0 0 0
  5  1    235.58  63.43495    16.420 0 0 0
  6  0     91.58  63.43495    16.420 0 0 0
 10  0    -52.42  63.43495   304.420 0 0 0
 11  0   -340.42  63.43495   304.420 0 0 0
 12  0    -52.42  63.43495    16.420 0 0 0
 13  0     19.58  63.43495    16.420 0 0 0
 14  0    -52.42  63.43495    88.420 0 0 0
 20  0     55.58 116.56505   268.420 0 0 0
 21  0    -88.42 116.56505    52.420 0 0 0
 25  0    -16.42 116.56505   340.420 0 0 0
 26  0    -16.42 116.56505    52.420 0 0 0

