0.0                           // Beta for Doppler reconstruction
0.0                           // Target z offset for Doppler reconstruction
1.04560   2.30191e-04   3.22402e-08  0. // Resolution parameters
0.0       1.0                           // Energy calibration parameters
129.471   2.13745                       // Thresholds ...
122.722   5.25183
118.619   3.07674
119.584   3.30281
95.3641   7.23941
100.561   7.88818
90.5562   12.6938
97.7001   7.09342
112.637   5.65829
120.342   13.1383
156.996   8.08783
112.663   3.75414
97.01   10.0293
95.5463   7.92432
87.4487   11.7136
84.7291   9.26148
104.183   4.22075
104.787   4.02895
104.208   3.46531
103.302   3.19393
101.965   7.24112
100.81   6.14242
93.4076   9.87438
99.6692   5.8519
