   0     0     0     0     6     0    -73.607477      8.602324    168.560938    -74.029073      8.453634    169.993144
   0     0     0     0     6     1    -42.316656     20.291093    178.349618    -42.460848     20.262813    179.870023
   0     0     0     0     6     2    -16.561390     -4.210078    183.526216    -16.698626     -4.225321    185.049678
   0     0     0     0     6     3    -26.041921    -42.369140    177.638206    -26.169880    -42.421770    178.982273
   0     0     0     0     6     4    -60.229975    -47.920740    167.552609    -60.658451    -48.028924    168.986301
   0     0     0     0     6     5    -81.045414    -21.865762    163.896729    -81.450259    -21.987252    165.335944
   0     1     1     0     6     0    -16.457548     -4.254679    183.536167    -16.595392     -4.281997    185.059405
   0     1     1     0     6     1     16.557569      4.288707    183.530516     16.724985      4.322168    185.050684
   0     1     1     0     6     2     42.320146    -20.297903    178.346698     42.455628    -20.267841    179.867675
   0     1     1     0     6     3     32.840678    -54.709219    173.052067     32.880322    -54.973692    174.528361
   0     1     1     0     6     4      0.516619    -65.741109    172.615560      0.607613    -65.988478    174.092477
   0     1     1     0     6     5    -26.056820    -42.378490    177.631446    -26.191289    -42.445897    179.147895
   0     2     2     0     6     0     16.467731      4.264049    183.535053     16.615361      4.300513    185.057196
   0     2     2     0     6     1    -16.542914     -4.293299    183.531909    -16.696173     -4.331330    185.053442
   0     2     2     0     6     2    -42.320781     20.297253    178.346780    -42.456873     20.266568    179.867834
   0     2     2     0     6     3    -32.840673     54.709222    173.052067    -32.880317     54.973697    174.528361
   0     2     2     0     6     4     -0.516615     65.741112    172.615559     -0.607607     65.988480    174.092477
   0     2     2     0     6     5     26.055948     42.378695    177.631373     26.189582     42.446301    179.147753
   0     3     3     0     6     0     73.941718     -7.936540    168.410715     74.352583     -7.799676    169.846939
   0     3     3     0     6     1     42.316654    -20.291099    178.349619     42.460845    -20.262819    179.870024
   0     3     3     0     6     2     16.561385      4.210075    183.526218     16.698620      4.225319    185.049678
   0     3     3     0     6     3     26.041916     42.369137    177.638206     26.190963     42.446721    179.153083
   0     3     3     0     6     4     60.229970     47.920738    167.552613     60.658447     48.028921    168.986303
   0     3     3     0     6     5     81.045408     21.865758    163.896731     81.450253     21.987249    165.335947
   0     0     4     0     4     0   -109.932028     12.628260    256.757122   -111.164386     13.801139    256.509474
   0     0     4     0     4     1    -62.956916     29.580006    271.402002    -64.216353     30.743114    271.145911
   0     0     4     0     4     2    -41.205703     19.104367    180.187650    -42.465138     20.267474    179.931558
   0     0     4     0     4     3    -72.386170      7.851682    170.463181    -73.618527      9.024561    170.215532
   0     0     5     0     4     0   -121.395917    -33.095684    249.672615   -123.006687    -33.451059    249.189513
   0     0     5     0     4     1   -109.934527     12.624990    256.756143   -111.160564     13.804359    256.510820
   0     0     5     0     4     2    -72.388666      7.848423    170.462204    -73.614704      9.027792    170.216881
   0     0     5     0     4     3    -79.821016    -21.799995    165.868759    -81.431788    -22.155370    165.385657
   0     0     6     0     4     0    -90.154236    -71.426794    255.225073    -90.712617    -73.067204    254.929529
   0     0     6     0     4     1   -121.395285    -33.099863    249.672440   -123.008486    -33.446206    249.189417
   0     0     6     0     4     2    -79.820383    -21.804164    165.868586    -81.433583    -22.150507    165.385563
   0     0     6     0     4     3    -59.566821    -46.653865    169.471796    -60.125202    -48.294275    169.176251
   0     0     7     0     4     0    -39.107601    -62.636329    270.326326    -39.563483    -64.258889    270.061121
   0     0     7     0     4     1    -90.148148    -71.429716    255.226539    -90.708090    -73.070210    254.930549
   0     0     7     0     4     2    -59.560722    -46.656791    169.473265    -60.120675    -48.297280    169.177272
   0     0     7     0     4     3    -25.743647    -40.830830    179.478356    -26.199519    -42.453394    179.213153
   0     1     8     0     4     0      0.480556    -97.942898    262.749964      0.120512    -99.654809    262.481761
   0     1     8     0     4     1    -39.099384    -62.636698    270.305193    -39.555468    -64.262926    270.055325
   0     1     8     0     4     2    -25.735422    -40.831203    179.457224    -26.191507    -42.457441    179.207355
   0     1     8     0     4     3      0.480550    -64.217827    174.456559      0.120511    -65.929726    174.188359
   0     1     9     0     4     0     49.172695    -81.293442    263.412694     50.437688    -82.448405    263.166824
   0     1     9     0     4     1      0.482515    -97.943287    262.749815      0.120155    -99.654736    262.481788
   0     1     9     0     4     2      0.482512    -64.218216    174.456409      0.120153    -65.929653    174.188386
   0     1     9     0     4     3     32.058159    -53.419390    174.882708     33.323140    -54.574362    174.636836
   0     1    10     0     4     0     62.957542    -29.578935    271.389506     64.217009    -30.744853    271.142057
   0     1    10     0     4     1     49.178021    -81.286434    263.413627     50.440034    -82.442795    263.167652
   0     1    10     0     4     2     32.063484    -53.412383    174.883639     33.325495    -54.568754    174.637664
   0     1    10     0     4     3     41.206325    -19.103290    180.175153     42.465803    -20.269211    179.927704
   0     3    11     0     4     0    109.932020    -12.628264    256.757126    111.164377    -13.801143    256.509477
   0     3    11     0     4     1     62.956907    -29.580010    271.402004     64.216343    -30.743119    271.145913
   0     3    11     0     4     2     41.205696    -19.104369    180.187651     42.465132    -20.267477    179.931560
   0     3    11     0     4     3     72.386163     -7.851684    170.463185     73.618521     -9.024565    170.215535
   0     3    12     0     4     0    121.395909     33.095679    249.672620    123.006680     33.451055    249.189518
   0     3    12     0     4     1    109.934518    -12.624994    256.756148    111.160555    -13.804364    256.510823
   0     3    12     0     4     2     72.388661     -7.848426    170.462206     73.614698     -9.027795    170.216883
   0     3    12     0     4     3     79.821011     21.799992    165.868762     81.431782     22.155367    165.385660
   0     3    13     0     4     0     90.154229     71.426790    255.225076     90.712610     73.067200    254.929532
   0     3    13     0     4     1    121.395278     33.099859    249.672445    123.008479     33.446202    249.189422
   0     3    13     0     4     2     79.820377     21.804161    165.868589     81.433576     22.150505    165.385566
   0     3    13     0     4     3     59.566816     46.653862    169.471797     60.125197     48.294272    169.176253
   0     3    14     0     4     0     39.107594     62.636326    270.326327     39.563475     64.258885    270.061122
   0     3    14     0     4     1     90.148141     71.429712    255.226542     90.708083     73.070206    254.930551
   0     3    14     0     4     2     59.560717     46.656788    169.473266     60.120669     48.297277    169.177273
   0     3    14     0     4     3     25.743641     40.830829    179.478356     26.199513     42.453392    179.213153
   0     2    15     0     4     0     -0.480548     97.942902    262.749962     -0.120505     99.654812    262.481761
   0     2    15     0     4     1     39.099391     62.636703    270.305191     39.555474     64.262930    270.055324
   0     2    15     0     4     2     25.735426     40.831205    179.457225     26.191512     42.457444    179.207355
   0     2    15     0     4     3     -0.480546     64.217831    174.456561     -0.120506     65.929729    174.188360
   0     2    16     0     4     0    -49.172689     81.293447    263.412694    -50.437681     82.448409    263.166824
   0     2    16     0     4     1     -0.482508     97.943291    262.749814     -0.120148     99.654740    262.481787
   0     2    16     0     4     2     -0.482507     64.218219    174.456412     -0.120148     65.929656    174.188388
   0     2    16     0     4     3    -32.058154     53.419393    174.882709    -33.323136     54.574366    174.636838
   0     2    17     0     4     0    -62.957535     29.578939    271.389506    -64.217002     30.744857    271.142058
   0     2    17     0     4     1    -49.178013     81.286438    263.413627    -50.440027     82.442799    263.167652
   0     2    17     0     4     2    -32.063480     53.412386    174.883641    -33.325489     54.568756    174.637666
   0     2    17     0     4     3    -41.206321     19.103293    180.175153    -42.465799     20.269214    179.927704
   0     0    18     0     6     0   -108.508463     10.380790    259.677657   -116.605370      7.950979    288.461961
   0     0    18     0     6     1    -62.932433     26.827649    273.886361    -71.029340     24.397838    302.670664
   0     0    18     0     6     2    -27.254790     -7.152930    281.053885    -35.351698     -9.582741    309.838187
   0     0    18     0     6     3    -40.578637    -60.303139    272.819295    -48.675544    -62.732950    301.603598
   0     0    18     0     6     4    -89.885047    -68.797762    258.232533    -97.981954    -71.227573    287.016836
   0     0    18     0     6     5   -119.308307    -32.700910    253.002987   -127.405214    -35.130721    281.787290
   0     1    19     0     6     0    -23.885524     -8.027934    281.337962    -22.612376    -12.928334    310.907629
   0     1    19     0     6     1     24.819332      4.625822    281.337963     26.092479     -0.274578    310.907629
   0     1    19     0     6     2     60.514670    -29.371625    274.166880     61.787817    -34.272025    303.736546
   0     1    19     0     6     3     47.099151    -79.713211    266.401693     48.372298    -84.613611    295.971359
   0     1    19     0     6     4      1.217592    -95.402642    265.777049      2.490739   -100.303042    295.346716
   0     1    19     0     6     5    -37.198465    -61.134642    273.110112    -35.925318    -66.035042    302.679779
   0     2    20     0     6     0     23.885531      8.027938    281.337961     22.612384     12.928338    310.907628
   0     2    20     0     6     1    -24.819325     -4.625818    281.337963    -26.092471      0.274583    310.907629
   0     2    20     0     6     2    -60.514662     29.371629    274.166880    -61.787809     34.272030    303.736547
   0     2    20     0     6     3    -47.099144     79.713214    266.401693    -48.372290     84.613615    295.971360
   0     2    20     0     6     4     -1.217584     95.402646    265.777048     -2.490731    100.303047    295.346715
   0     2    20     0     6     5     37.198473     61.134646    273.110111     35.925326     66.035047    302.679777
   0     3    21     0     6     0    108.508454    -10.380795    259.677660    116.605360     -7.950984    288.461963
   0     3    21     0     6     1     62.932424    -26.827653    273.886363     71.029330    -24.397842    302.670666
   0     3    21     0     6     2     27.254781      7.152926    281.053885     35.351687      9.582737    309.838189
   0     3    21     0     6     3     40.578628     60.303135    272.819297     48.675535     62.732946    301.603600
   0     3    21     0     6     4     89.885040     68.797758    258.232537     97.981946     71.227569    287.016840
   0     3    21     0     6     5    119.308299     32.700905    253.002991    127.405206     35.130716    281.787294
